3648
4
11
0
0
11
17408
0
0
0
1025
32
2
6
0
1


1
0
0
0
0
0
0
0
0
1
20
5
30
10000
-88
-78
-60
-19
0
-96
-78
-60
-19
-19
1
13
32
32
32
32
32
32
32
32
32
30
32
33
33
33
32
33
33
32
30
30
30
30
30
30
31
31
32
35
36
36
36
36
36
36
36
36
35
36
37
38
39
40
40
40
41
41
41
40
39
37
37
36
35
34
34
34
34
33
33
33
33
33
32
32
31
30
29
28
28
28
27
27
27
28
28
28
28
29
28
27
27
26
25
26
25
26
27
27
28
29
30
30
31
31
31
31
31
31
32
33
33
34
35
35
37
38
39
38
38
38
38
38
38
37
36
36
35
34
35
35
35
36
35
34
34
34
33
32
31
31
30
30
30
30
31
33
33
33
33
33
32
32
33
33
33
33
33
34
35
37
39
39
40
39
38
39
39
41
41
42
43
43
43
45
47
47
49
49
49
47
45
45
45
46
46
46
46
46
45
45
43
43
40
37
35
33
33
32
31
31
31
31
30
29
28
27
26
25
25
24
24
24
25
26
26
27
26
26
26
25
25
24
24
24
24
24
24
24
24
24
23
22
22
21
21
20
20
20
20
20
21
21
21
21
21
21
21
21
21
20
22
22
22
22
22
23
23
23
22
22
22
21
21
21
20
19
19
19
19
19
18
17
17
16
16
16
15
15
15
14
14
13
13
13
13
13
13
13
13
13
12
12
12
13
12
12
12
12
12
13
13
13
14
14
14
14
13
13
13
13
13
13
13
12
12
12
12
12
11
11
10
10
9
9
9
9
9
8
8
8
8
8
7
7
7
7
7
6
6
6
6
7
7
7
6
6
6
6
6
6
6
6
6
6
6
6
6
6
6
6
6
5
5
5
5
5
5
5
5
5
5
5
5
4
4
4
4
4
4
4
4
4
4
4
4
4
4
4
4
3
3
3
3
3
3
3
3
3
3
3
3
3
3
3
2
2
2
2
2
2
2
2
2
2
2
2
2
2
2
2
2
2
2
2
3
3
3
3
3
3
3
3
3
3
3
3
3
4
4
4
4
4
4
4
4
4
4
4
4
4
4
4
4
4
4
4
4
4
4
4
4
4
4
4
4
4
5
5
5
5
5
5
5
5
5
5
5
5
5
5
5
5
5
5
5
5
5
5
5
6
6
6
6
7
7
7
7
7
8
8
8
8
8
9
9
10
10
11
12
12
13
14
14
15
15
16
16
16
16
17
17
17
17
15
12
10
9
8
9
9
10
10
9
9
8
9
10
11
12
11
11
10
9
8
8
8
8
9
9
8
8
8
8
8
10
10
10
8
6
4
4
4
4
5
4
4
3
3
3
3
3
3
3
3
3
3
4
4
4
4
4
4
4
4
4
4
4
4
7
7
32
32
32
32
32
32
32
32
32
30
32
33
33
33
32
33
33
32
30
30
30
30
30
30
31
31
32
35
36
36
36
36
36
36
36
36
35
36
37
38
39
40
40
40
41
41
41
40
39
37
37
36
35
34
34
34
34
33
33
33
33
33
32
32
31
30
29
28
28
28
27
27
27
28
28
28
28
29
28
27
27
26
25
26
25
26
27
27
28
29
30
30
31
31
31
31
31
31
32
33
33
34
35
35
37
38
39
38
38
38
38
38
38
37
36
36
35
34
35
35
35
36
35
34
34
34
33
32
31
31
30
30
30
30
31
33
33
33
33
33
32
32
33
33
33
33
33
34
35
37
39
39
40
39
38
39
39
41
41
42
43
43
43
46
47
47
49
49
49
47
45
45
45
46
46
46
46
46
45
45
43
43
40
37
35
33
33
32
31
31
31
31
30
29
28
27
26
25
25
24
24
24
25
26
26
27
26
26
26
25
25
24
24
24
24
24
24
24
24
24
23
22
22
21
21
20
20
20
20
20
21
21
21
21
21
21
21
21
21
20
22
22
22
22
22
23
23
23
22
22
22
21
21
21
20
19
19
19
19
19
18
17
17
16
16
16
15
15
15
14
14
13
13
13
13
13
13
13
13
13
12
12
12
13
12
12
12
12
12
13
13
13
14
14
14
14
13
13
13
13
13
13
13
12
12
12
12
12
11
11
10
10
9
9
9
9
9
8
8
8
8
8
7
7
7
7
7
6
6
6
6
7
7
7
6
6
6
6
6
6
6
6
6
6
6
6
6
6
6
6
6
5
5
5
5
5
5
5
5
5
5
5
5
4
4
4
4
4
4
4
4
4
4
4
4
4
4
4
4
3
3
3
3
3
3
3
3
3
3
3
3
3
3
3
2
2
2
2
2
2
2
2
2
2
2
2
2
2
2
2
2
2
2
2
3
3
3
3
3
3
3
3
3
3
3
3
3
4
4
4
4
4
4
4
4
4
4
4
4
4
4
4
4
4
4
4
4
4
4
4
4
4
4
4
4
4
5
5
5
5
5
5
5
5
5
5
5
5
5
5
5
5
5
5
5
5
5
5
5
6
6
6
6
7
7
7
7
7
8
8
8
8
8
9
9
10
10
11
12
12
13
14
14
15
15
16
16
16
16
17
17
17
17
15
12
10
9
8
9
9
10
10
9
9
8
9
10
11
12
11
11
10
9
8
8
8
8
9
9
8
8
8
8
8
10
10
10
8
6
4
4
4
4
5
4
4
3
3
3
3
3
3
3
3
3
3
4
4
4
4
4
4
4
4
4
4
4
4
7
7
32
32
32
32
32
32
32
32
32
32
32
32
32
32
32
32
32
32
32
32
32
32
32
32
32
32
32
32
32
32
32
32
32
32
32
32
32
32
32
32
32
32
32
32
32
32
32
32
32
32
32
32
32
32
32
32
32
32
32
32
32
32
32
32
32
32
32
32
32
32
32
32
32
32
32
32
32
32
32
32
32
32
32
32
32
32
32
32
32
32
32
32
32
32
32
32
32
32
32
32
32
32
32
32
32
32
32
32
32
32
32
32
32
32
32
32
32
32
32
32
32
32
32
32
32
32
32
32
32
32
32
32
32
32
32
32
32
32
32
32
32
32
32
32
32
32
32
32
32
32
32
32
32
32
32
32
32
32
32
32
32
32
32
32
32
32
32
32
32
32
32
32
32
32
32
32
32
32
32
32
32
32
32
32
32
32
32
32
32
32
32
32
32
32
32
32
32
32
32
32
32
32
32
32
32
32
32
32
32
32
32
32
32
32
32
32
32
32
32
32
32
32
32
32
32
32
32
32
32
32
32
32
32
32
32
32
32
32
32
32
32
32
32
32
32
32
32
32
32
32
32
32
32
32
32
32
32
32
32
32
32
32
32
32
32
32
32
32
32
32
32
32
32
32
32
32
32
32
32
32
32
32
32
32
32
32
32
32
32
32
32
32
32
32
32
32
32
32
32
32
32
32
32
32
32
32
32
32
32
32
32
32
32
32
32
32
32
32
32
32
32
32
32
32
32
32
32
32
32
32
32
32
32
32
32
32
32
32
32
32
32
32
32
32
32
32
32
32
32
32
32
32
32
32
32
32
32
32
32
32
32
32
32
32
32
32
32
32
32
32
32
32
32
32
32
32
32
32
32
32
32
32
32
32
32
32
32
32
32
32
32
32
32
32
32
32
32
32
32
32
32
32
32
32
32
32
32
32
32
32
32
32
32
32
32
32
32
32
32
32
32
32
32
32
32
32
32
32
32
32
32
32
32
32
32
32
32
32
32
32
32
32
32
32
32
32
32
32
32
32
32
32
32
32
32
32
32
32
32
32
32
32
32
32
32
32
32
32
32
32
32
32
32
32
32
32
32
32
32
32
32
32
32
32
32
32
32
32
32
32
32
32
32
32
32
32
32
32
32
32
32
32
32
32
32
32
32
32
32
32
32
32
32
32
32
32
32
32
32
32
32
32
32
32
32
32
32
32
32
32
32
32
32
32
32
32
32
32
32
32
32
32
32
32
32
32
32
32
32
32
32
32
32
32
32
32
32
32
32
32
32
32
32
32
32
32
32
32
32
32
32
32
32
32
32
32
32
32
32
32
32
32
32
32
32
32
32
32
32
32
32
32
32
32
32
32
32
32
32
32
32
32
32
32
32
32
32
32
32
32
32
32
32
32
32
32
32
32
32
32
32
32
32
32
32
32
32
32
32
32
32
32
32
32
32
32
32
32
32
32
32
32
32
32
32
32
32
32
32
32
32
32
32
32
32
32
32
32
32
32
32
32
32
32
32
32
32
32
32
32
32
32
32
32
32
32
32
32
32
32
32
32
32
32
32
32
32
32
32
32
32
32
32
32
32
32
32
32
32
32
32
32
32
32
32
32
32
32
32
32
32
32
32
32
32
32
32
32
32
32
32
32
32
32
32
32
32
32
32
32
32
32
32
32
32
32
32
32
32
32
32
32
32
32
32
32
32
32
32
32
32
32
32
32
32
32
32
32
32
32
32
32
32
32
32
32
32
32
32
32
32
32
32
32
32
32
32
32
32
32
32
32
32
32
32
32
32
32
32
32
32
32
32
32
32
32
32
32
32
32
32
32
32
32
32
32
32
32
32
32
32
32
32
32
32
32
32
32
32
32
32
32
32
32
32
32
32
32
32
32
32
32
32
32
32
32
32
32
32
32
32
32
32
32
32
32
32
32
32
32
32
32
32
32
32
32
32
32
32
32
32
32
32
32
32
32
32
32
32
32
32
32
32
32
32
32
32
32
32
32
32
32
32
32
32
32
32
32
32
32
32
32
32
32
32
32
32
32
32
32
32
32
32
32
32
32
32
32
32
32
32
32
32
32
32
32
32
32
32
32
32
32
32
32
32
32
32
32
32
32
32
32
32
32
32
32
32
32
32
32
32
32
32
32
32
32
32
32
32
32
32
32
32
32
32
32
32
32
32
32
32
32
32
32
32
32
32
32
32
32
32
32
32
32
32
32
32
32
32
32
32
32
32
32
32
32
32
32
32
32
32
32
32
32
32
32
32
32
32
32
32
32
32
32
32
32
32
32
32
32
32
32
32
32
32
32
32
32
32
32
32
32
32
32
32
32
32
32
32
32
32
32
32
32
32
32
32
32
32
32
32
32
32
32
32
32
32
32
32
32
32
32
32
32
32
32
32
32
32
32
32
32
32
32
32
32
32
32
32
32
32
32
32
32
32
32
32
32
32
32
32
32
32
32
32
32
32
32
32
32
32
32
32
32
32
32
32
32
32
32
32
32
32
32
32
32
32
32
32
32
32
32
32
32
32
32
32
32
32
32
32
32
32
32
32
32
32
32
32
32
32
32
32
32
32
32
32
32
32
32
32
32
32
32
32
32
32
32
32
32
32
32
32
32
32
32
32
32
32
32
0
70
70
-6
-6
-48
-48
0
32767
33
40
100
1
-2
-2
14745
-12
8
-58
-62
-70
-73
-74
-77
-80
-82
-83
-84
-83
-85
-86
-87
-88
-88
-89
-89
-90
-91
-90
-91
-92
-92
-92
-92
-92
-92
-93
-94
-94
-93
-93
-94
-94
-94
-95
-94
-95
-95
-96
-95
-95
-96
-96
-96
-97
-97
-96
-97
-97
-97
-98
-97
-97
-98
-97
-97
-97
-98
-98
-97
-99
-98
-98
-97
-98
-98
-98
-98
-98
-99
-100
-99
-99
-100
-99
-100
-98
-99
-99
-100
-99
-99
-100
-100
-100
-99
-100
-100
-100
-100
-100
-100
-100
-101
-100
-101
-101
-100
-100
-101
-100
-100
-101
-100
-101
-101
-100
-100
-101
-101
-100
-101
-101
-101
-101
-101
-100
-101
-102
-100
-100
-101
-101
-102
-101
-101
-101
-101
-101
-101
-102
-101
-102
-102
-101
-101
-101
-101
-102
-101
-102
-102
-102
-101
-102
-102
-101
-102
-103
-101
-102
-102
-101
-101
-102
-102
-102
-102
-101
-102
-102
-102
-102
-102
-102
-102
-102
-102
-102
-102
-102
-102
-102
-102
-102
-101
-102
-102
-102
-103
-102
-102
-102
-101
-101
-101
-100
-101
-102
-102
-99
-101
-102
-102
-100
-101
-102
-102
-102
-101
-102
-102
-102
-102
-102
-102
-102
-102
-103
-103
-103
-101
-102
-102
-102
-103
-102
-102
-102
-102
-102
-102
-102
-102
-101
-102
-103
-103
-102
-103
-103
-102
-102
-102
-102
-102
-102
-102
-102
-103
-102
-102
-102
-103
-102
-102
-102
-102
-102
-102
-102
-103
-103
-102
-102
-103
-102
-103
-102
-102
-103
-103
-103
-102
-102
-102
-102
-103
-102
-103
-103
-103
-103
-103
-103
-102
-102
-102
-102
-103
-103
-102
-102
-103
-103
-102
-102
-102
-102
-102
-102
-102
-102
-102
-102
-102
-103
-103
-102
-102
-102
-102
-102
-102
-101
-102
-102
-102
-101
-102
-103
-102
-102
-103
-102
-102
-102
-102
-101
-101
-101
-101
-101
-102
-101
-102
-103
-102
-102
-102
-102
-102
-101
-102
-102
-101
-101
-101
-101
-100
-101
-101
-101
-100
-101
-100
-101
-100
-99
-100
-100
-100
-100
-100
-100
-100
-101
-101
-100
-100
-101
-100
-100
-100
-100
-99
-100
-100
-100
-100
-100
-99
-99
-98
-98
-99
-99
-99
-98
-99
-99
-98
-99
-98
-97
-97
-98
-97
-96
-96
-97
-94
-93
-97
-96
-96
-97
-97
-97
-97
-96
-96
-96
-96
-97
-96
-96
-96
-96
-97
-97
-96
-96
-98
-97
-97
-98
-97
-98
-98
-99
-99
-99
-98
-98
-98
-99
-98
-99
-99
-100
-98
-100
-100
-100
-100
-100
-100
-100
-100
-100
-100
-100
-100
-100
-100
-101
-101
-101
-101
-101
-101
-101
-101
-101
-102
-102
-102
-101
-102
-101
-102
-102
-102
-101
-101
-102
-102
-102
-102
-102
-102
-101
-102
-102
-101
-102
-102
-102
-101
-102
-102
-103
-102
-102
-102
-102
-103
-102
-102
-103
-103
-102
-103
-103
-102
-103
-103
-103
-103
-102
-103
-103
-102
-103
-103
-103
-104
-105
-105
-106
-58
-62
-70
-73
-74
-77
-80
-82
-83
-84
-83
-85
-86
-87
-88
-88
-89
-89
-90
-90
-89
-91
-92
-92
-91
-92
-92
-92
-93
-94
-94
-93
-93
-94
-94
-94
-95
-95
-95
-95
-96
-95
-95
-96
-96
-96
-97
-97
-96
-97
-97
-97
-98
-97
-97
-98
-98
-97
-97
-98
-98
-98
-99
-98
-98
-97
-98
-98
-98
-98
-98
-99
-100
-99
-100
-100
-99
-99
-98
-99
-100
-100
-99
-99
-101
-100
-99
-99
-100
-100
-100
-100
-100
-100
-100
-101
-101
-101
-101
-100
-99
-100
-100
-100
-100
-100
-101
-101
-100
-100
-101
-101
-100
-101
-101
-101
-101
-100
-100
-101
-101
-100
-100
-101
-102
-102
-101
-101
-101
-102
-101
-101
-102
-101
-102
-102
-101
-100
-101
-101
-102
-101
-102
-101
-102
-101
-102
-102
-101
-102
-103
-102
-102
-102
-101
-101
-102
-102
-102
-101
-101
-102
-102
-102
-102
-102
-102
-102
-102
-102
-102
-102
-102
-102
-102
-102
-102
-101
-102
-102
-101
-103
-102
-102
-102
-101
-101
-101
-100
-102
-102
-101
-98
-101
-102
-102
-100
-101
-102
-102
-102
-102
-102
-102
-102
-102
-102
-102
-102
-102
-103
-103
-102
-101
-102
-102
-102
-102
-102
-102
-102
-102
-102
-103
-103
-102
-101
-102
-103
-103
-102
-103
-103
-102
-102
-102
-102
-102
-102
-102
-103
-103
-103
-102
-102
-103
-102
-102
-102
-102
-102
-102
-102
-103
-103
-102
-102
-103
-103
-102
-102
-103
-103
-103
-102
-102
-102
-102
-103
-103
-103
-103
-103
-103
-103
-103
-102
-102
-102
-103
-103
-103
-103
-102
-102
-103
-103
-102
-102
-102
-102
-102
-102
-102
-102
-102
-102
-102
-103
-103
-102
-103
-102
-102
-102
-102
-101
-101
-101
-102
-101
-102
-103
-102
-102
-103
-102
-102
-102
-102
-101
-101
-101
-101
-101
-102
-101
-102
-103
-102
-102
-101
-101
-102
-101
-102
-102
-101
-102
-102
-101
-100
-101
-101
-101
-100
-101
-100
-101
-100
-99
-100
-100
-100
-100
-100
-101
-100
-101
-101
-100
-100
-101
-100
-100
-100
-100
-99
-100
-100
-100
-100
-100
-99
-99
-98
-98
-99
-99
-99
-98
-99
-99
-98
-99
-98
-97
-97
-98
-97
-96
-96
-97
-94
-93
-96
-96
-96
-97
-97
-97
-97
-96
-95
-96
-96
-97
-96
-96
-96
-96
-97
-97
-96
-96
-98
-97
-97
-98
-97
-98
-98
-98
-99
-99
-98
-99
-99
-99
-98
-98
-99
-100
-98
-100
-100
-100
-100
-100
-100
-101
-101
-100
-100
-100
-100
-100
-100
-101
-101
-101
-101
-101
-101
-101
-101
-101
-102
-102
-102
-101
-101
-101
-102
-102
-102
-101
-102
-102
-102
-102
-102
-102
-102
-101
-101
-102
-102
-102
-102
-102
-101
-102
-102
-102
-101
-102
-103
-103
-102
-102
-102
-103
-103
-102
-103
-103
-102
-102
-103
-103
-102
-102
-103
-103
-102
-103
-103
-103
-104
-105
-105
-106
0
1638
655
9830
300
300
0
-15
0
-4
0
-15
0
6
-20
-3
2344
4687
0
0
0
32767
0
-20
1
1
15500
1
150
6
-1024
7000
200
-2048
8500
300
-1536
2000
500
-1536
4300
500
-5120
12000
200
-5632
15500
200
0
9306
400
-7782
13105
800
973
13857
1000
0
15005
100
2
0
200
100
-16
2000
100
-16
1
2
1
20
5
0
20
0
0
20
3000
-90
-65
-45
-23
0
-96
-65
-42
-18
-18
0
-13
1
4000
5
0
20
0
0
20
3000
-90
-65
-45
-25
0
-96
-65
-42
-20
-20
0
-13
0
20
2
1
20
0
0
10000
10000
-96
0
0
0
0
-96
0
0
0
0
1
0
0
20
2
1
20
0
0
10000
10000
-96
0
0
0
0
-96
0
0
0
0
1
0
0
20
2
1
20
0
0
10000
10000
-96
0
0
0
0
-96
0
0
0
0
1
0
1
20
5
0
20
0
0
20
3000
-96
-60
-40
-15
0
-96
-60
-40
-15
-15
1
-13
1
-1
13
0
27233
20
0
0
0
0
0
0
0
0
165
0
0
0
0
0
0
0
0
1
2
1
-20
-20
-40
-20
-76
-31
0
15
96
85
6826
6826
6826
6826
6826
6826
6826
6826
6826
6826


